62478460185518077106360799160543812297795124980595600981068670423520813961627
75258678340181933760690306360724043311658920873018422461481075604077104302573
87117647809597615523945098134866257430091611542624726035365151677001903402295
86055047176825048967447409176934143827524059039526775269226262198259077772449
71677683760397313757274456203538123711234422665844244040905387980612419044627
78459800028940250694524568695523031736548174346950292596855093320167789402783
71094924460227875839500221599802777731610203790501062453601785066733139785415
62931326828486328822834772933528258937038216982627863721119663178037074230929
81245784404321487685556360702327298462095583588581296440440531412895087487859
79269441203118432547381120680930502154028537214885803043685163764917558309177
99866175255144161551206064552665397607788181706590758258338907025744932237689
98316936832511656126853733242081194555203037427935780836716894177049100327685
86751699403598099735316044036059302833277291907533714353615330366637283826485
106298398129623361653420418594907635916118582303225531940792144004160149917211
107844991939399504019845836044175599848057901164076667068409421219203945716701
83562859985082939831463630790610517830676562838372419850462125322466202241723
60131078046930692226654413377132400288845527956661881436947896414432891993289
64199511699319804200935139440628601720526213310966043780737659790007931409505
64343890947150223677419794845784504233184215755292262207612876386124894460045
69272596700439673076361579167798892337439848944673912872006021598214744878097
65978497436039738613196388436362607429396459972937834469542452098594171724483
83570964071199947944866008879282116208715660683038787748265495255122758509649
74353122216680767835925721044825466036406484395918014921272102387105537909529
73265550866792783892028245137745805149055277987610678082533166015383101502049
71772166138814028069147179249824289144717605321367861178704607248957361542423
63404361366715344378097335333725488009069251890714259788847982374286537127855
113642451598533715341571918184166912398884847989287156618841447325613985349121
89621866069450856502656006186592180238928009217188256588407031450330931729007
64060684297834769083443234709566857889439837267105061916302833973776735520445
